count				MSE
1				0.192582
2				0.187610
3				0.181630
4				0.174394
5				0.165608
6				0.154963
7				0.142210
8				0.127318
9				0.110716
10				0.093500
11				0.077309
12				0.063707
13				0.053447
14				0.046324
15				0.041622
16				0.038582
17				0.036619
18				0.035336
19				0.034482
20				0.033898
21				0.033489
22				0.033192
23				0.032968
24				0.032793
25				0.032650
26				0.032529
27				0.032423
28				0.032327
29				0.032237
30				0.032153
31				0.032072
32				0.031993
33				0.031916
34				0.031840
35				0.031765
36				0.031690
37				0.031616
38				0.031542
39				0.031469
40				0.031396
41				0.031323
42				0.031250
43				0.031177
44				0.031105
45				0.031033
46				0.030960
47				0.030888
48				0.030816
49				0.030744
50				0.030673
51				0.030601
52				0.030530
53				0.030458
54				0.030387
55				0.030316
56				0.030245
57				0.030174
58				0.030104
59				0.030033
60				0.029962
61				0.029892
62				0.029822
63				0.029752
64				0.029682
65				0.029612
66				0.029542
67				0.029472
68				0.029403
69				0.029334
70				0.029264
71				0.029195
72				0.029126
73				0.029057
74				0.028988
75				0.028920
76				0.028851
77				0.028783
78				0.028714
79				0.028646
80				0.028578
81				0.028510
82				0.028442
83				0.028375
84				0.028307
85				0.028240
86				0.028172
87				0.028105
88				0.028038
89				0.027971
90				0.027904
91				0.027838
92				0.027771
93				0.027705
94				0.027638
95				0.027572
96				0.027506
97				0.027440
98				0.027374
99				0.027308
100				0.027243
101				0.027177
102				0.027112
103				0.027047
104				0.026981
105				0.026916
106				0.026851
107				0.026787
108				0.026722
109				0.026658
110				0.026593
111				0.026529
112				0.026465
113				0.026401
114				0.026337
115				0.026273
116				0.026209
117				0.026146
118				0.026082
119				0.026019
120				0.025956
121				0.025893
122				0.025830
123				0.025767
124				0.025704
125				0.025641
126				0.025579
127				0.025517
128				0.025454
129				0.025392
130				0.025330
131				0.025268
132				0.025207
133				0.025145
134				0.025083
135				0.025022
136				0.024961
137				0.024900
138				0.024839
139				0.024778
140				0.024717
141				0.024656
142				0.024596
143				0.024535
144				0.024475
145				0.024415
146				0.024355
147				0.024295
148				0.024235
149				0.024175
150				0.024115
151				0.024056
152				0.023997
153				0.023937
154				0.023878
155				0.023819
156				0.023760
157				0.023702
158				0.023643
159				0.023584
160				0.023526
161				0.023468
162				0.023409
163				0.023351
164				0.023293
165				0.023236
166				0.023178
167				0.023120
168				0.023063
169				0.023005
170				0.022948
171				0.022891
172				0.022834
173				0.022777
174				0.022720
175				0.022664
176				0.022607
177				0.022551
178				0.022494
179				0.022438
180				0.022382
181				0.022326
182				0.022270
183				0.022215
184				0.022159
185				0.022103
186				0.022048
187				0.021993
188				0.021938
189				0.021883
190				0.021828
191				0.021773
192				0.021718
193				0.021664
194				0.021609
195				0.021555
196				0.021500
197				0.021446
198				0.021392
199				0.021338
200				0.021285
201				0.021231
202				0.021177
203				0.021124
204				0.021071
205				0.021017
206				0.020964
207				0.020911
208				0.020858
209				0.020806
210				0.020753
211				0.020701
212				0.020648
213				0.020596
214				0.020544
215				0.020492
216				0.020440
217				0.020388
218				0.020336
219				0.020284
220				0.020233
221				0.020181
222				0.020130
223				0.020079
224				0.020028
225				0.019977
226				0.019926
227				0.019875
228				0.019825
229				0.019774
230				0.019724
231				0.019673
232				0.019623
233				0.019573
234				0.019523
235				0.019473
236				0.019423
237				0.019374
238				0.019324
239				0.019275
240				0.019226
241				0.019176
242				0.019127
243				0.019078
244				0.019029
245				0.018981
246				0.018932
247				0.018883
248				0.018835
249				0.018787
250				0.018738
251				0.018690
252				0.018642
253				0.018594
254				0.018546
255				0.018499
256				0.018451
257				0.018404
258				0.018356
259				0.018309
260				0.018262
261				0.018215
262				0.018168
263				0.018121
264				0.018074
265				0.018028
266				0.017981
267				0.017935
268				0.017888
269				0.017842
270				0.017796
271				0.017750
272				0.017704
273				0.017659
274				0.017613
275				0.017567
276				0.017522
277				0.017476
278				0.017431
279				0.017386
280				0.017341
281				0.017296
282				0.017251
283				0.017206
284				0.017162
285				0.017117
286				0.017073
287				0.017029
288				0.016984
289				0.016940
290				0.016896
291				0.016852
292				0.016808
293				0.016765
294				0.016721
295				0.016678
296				0.016634
297				0.016591
298				0.016548
299				0.016505
300				0.016462
301				0.016419
302				0.016376
303				0.016333
304				0.016291
305				0.016248
306				0.016206
307				0.016163
308				0.016121
309				0.016079
310				0.016037
311				0.015995
312				0.015953
313				0.015912
314				0.015870
315				0.015829
316				0.015787
317				0.015746
318				0.015705
319				0.015664
320				0.015623
321				0.015582
322				0.015541
323				0.015500
324				0.015459
325				0.015419
326				0.015379
327				0.015338
328				0.015298
329				0.015258
330				0.015218
331				0.015178
332				0.015138
333				0.015098
334				0.015059
335				0.015019
336				0.014980
337				0.014940
338				0.014901
339				0.014862
340				0.014823
341				0.014784
342				0.014745
343				0.014706
344				0.014667
345				0.014629
346				0.014590
347				0.014552
348				0.014514
349				0.014475
350				0.014437
351				0.014399
352				0.014361
353				0.014323
354				0.014286
355				0.014248
356				0.014210
357				0.014173
358				0.014136
359				0.014098
360				0.014061
361				0.014024
362				0.013987
363				0.013950
364				0.013913
365				0.013876
366				0.013840
367				0.013803
368				0.013767
369				0.013730
370				0.013694
371				0.013658
372				0.013622
373				0.013586
374				0.013550
375				0.013514
376				0.013478
377				0.013443
378				0.013407
379				0.013372
380				0.013336
381				0.013301
382				0.013266
383				0.013231
384				0.013196
385				0.013161
386				0.013126
387				0.013091
388				0.013056
389				0.013022
390				0.012987
391				0.012953
392				0.012919
393				0.012884
394				0.012850
395				0.012816
396				0.012782
397				0.012748
398				0.012714
399				0.012681
400				0.012647
401				0.012613
402				0.012580
403				0.012547
404				0.012513
405				0.012480
406				0.012447
407				0.012414
408				0.012381
409				0.012348
410				0.012315
411				0.012283
412				0.012250
413				0.012218
414				0.012185
415				0.012153
416				0.012120
417				0.012088
418				0.012056
419				0.012024
420				0.011992
421				0.011960
422				0.011929
423				0.011897
424				0.011865
425				0.011834
426				0.011802
427				0.011771
428				0.011740
429				0.011708
430				0.011677
431				0.011646
432				0.011615
433				0.011584
434				0.011554
435				0.011523
436				0.011492
437				0.011462
438				0.011431
439				0.011401
440				0.011370
441				0.011340
442				0.011310
443				0.011280
444				0.011250
445				0.011220
446				0.011190
447				0.011160
448				0.011131
449				0.011101
450				0.011072
451				0.011042
452				0.011013
453				0.010983
454				0.010954
455				0.010925
456				0.010896
457				0.010867
458				0.010838
459				0.010809
460				0.010780
461				0.010752
462				0.010723
463				0.010695
464				0.010666
465				0.010638
466				0.010610
467				0.010581
468				0.010553
469				0.010525
470				0.010497
471				0.010469
472				0.010441
473				0.010414
474				0.010386
475				0.010358
476				0.010331
477				0.010303
478				0.010276
479				0.010248
480				0.010221
481				0.010194
482				0.010167
483				0.010140
484				0.010113
485				0.010086
486				0.010059
487				0.010032
488				0.010006
489				0.009979
490				0.009953
491				0.009926
492				0.009900
493				0.009873
494				0.009847
495				0.009821
496				0.009795
497				0.009769
498				0.009743
499				0.009717
500				0.009691
501				0.009665
502				0.009640
503				0.009614
504				0.009588
505				0.009563
506				0.009538
507				0.009512
508				0.009487
509				0.009462
510				0.009437
511				0.009412
512				0.009387
513				0.009362
514				0.009337
515				0.009312
516				0.009287
517				0.009263
518				0.009238
519				0.009214
520				0.009189
521				0.009165
522				0.009140
523				0.009116
524				0.009092
525				0.009068
526				0.009044
527				0.009020
528				0.008996
529				0.008972
530				0.008948
531				0.008925
532				0.008901
533				0.008877
534				0.008854
535				0.008830
536				0.008807
537				0.008784
538				0.008760
539				0.008737
540				0.008714
541				0.008691
542				0.008668
543				0.008645
544				0.008622
545				0.008599
546				0.008576
547				0.008554
548				0.008531
549				0.008509
550				0.008486
551				0.008464
552				0.008441
553				0.008419
554				0.008397
555				0.008374
556				0.008352
557				0.008330
558				0.008308
559				0.008286
560				0.008264
561				0.008243
562				0.008221
563				0.008199
564				0.008178
565				0.008156
566				0.008134
567				0.008113
568				0.008092
569				0.008070
570				0.008049
571				0.008028
572				0.008007
573				0.007985
574				0.007964
575				0.007943
576				0.007922
577				0.007902
578				0.007881
579				0.007860
580				0.007839
581				0.007819
582				0.007798
583				0.007778
584				0.007757
585				0.007737
586				0.007716
587				0.007696
588				0.007676
589				0.007656
590				0.007636
591				0.007616
592				0.007596
593				0.007576
594				0.007556
595				0.007536
596				0.007516
597				0.007496
598				0.007477
599				0.007457
600				0.007438
601				0.007418
602				0.007399
603				0.007379
604				0.007360
605				0.007341
606				0.007321
607				0.007302
608				0.007283
609				0.007264
610				0.007245
611				0.007226
612				0.007207
613				0.007188
614				0.007169
615				0.007151
616				0.007132
617				0.007113
618				0.007095
619				0.007076
620				0.007058
621				0.007039
622				0.007021
623				0.007003
624				0.006984
625				0.006966
626				0.006948
627				0.006930
628				0.006912
629				0.006894
630				0.006876
631				0.006858
632				0.006840
633				0.006822
634				0.006805
635				0.006787
636				0.006769
637				0.006752
638				0.006734
639				0.006717
640				0.006699
641				0.006682
642				0.006664
643				0.006647
644				0.006630
645				0.006613
646				0.006595
647				0.006578
648				0.006561
649				0.006544
650				0.006527
651				0.006510
652				0.006494
653				0.006477
654				0.006460
655				0.006443
656				0.006427
657				0.006410
658				0.006393
659				0.006377
660				0.006360
661				0.006344
662				0.006328
663				0.006311
664				0.006295
665				0.006279
666				0.006262
667				0.006246
668				0.006230
669				0.006214
670				0.006198
671				0.006182
672				0.006166
673				0.006150
674				0.006135
675				0.006119
676				0.006103
677				0.006087
678				0.006072
679				0.006056
680				0.006041
681				0.006025
682				0.006010
683				0.005994
684				0.005979
685				0.005963
686				0.005948
687				0.005933
688				0.005918
689				0.005902
690				0.005887
691				0.005872
692				0.005857
693				0.005842
694				0.005827
695				0.005812
696				0.005798
697				0.005783
698				0.005768
699				0.005753
700				0.005739
701				0.005724
702				0.005709
703				0.005695
704				0.005680
705				0.005666
706				0.005651
707				0.005637
708				0.005623
709				0.005608
710				0.005594
711				0.005580
712				0.005566
713				0.005552
714				0.005537
715				0.005523
716				0.005509
717				0.005495
718				0.005481
719				0.005468
720				0.005454
721				0.005440
722				0.005426
723				0.005412
724				0.005399
725				0.005385
726				0.005371
727				0.005358
728				0.005344
729				0.005331
730				0.005317
731				0.005304
732				0.005290
733				0.005277
734				0.005264
735				0.005251
736				0.005237
737				0.005224
738				0.005211
739				0.005198
740				0.005185
741				0.005172
742				0.005159
743				0.005146
744				0.005133
745				0.005120
746				0.005107
747				0.005094
748				0.005081
749				0.005069
750				0.005056
751				0.005043
752				0.005031
753				0.005018
754				0.005006
755				0.004993
756				0.004981
757				0.004968
758				0.004956
759				0.004943
760				0.004931
761				0.004919
762				0.004906
763				0.004894
764				0.004882
765				0.004870
766				0.004858
767				0.004846
768				0.004834
769				0.004822
770				0.004810
771				0.004798
772				0.004786
773				0.004774
774				0.004762
775				0.004750
776				0.004738
777				0.004727
778				0.004715
779				0.004703
780				0.004692
781				0.004680
782				0.004668
783				0.004657
784				0.004645
785				0.004634
786				0.004622
787				0.004611
788				0.004600
789				0.004588
790				0.004577
791				0.004566
792				0.004555
793				0.004543
794				0.004532
795				0.004521
796				0.004510
797				0.004499
798				0.004488
799				0.004477
800				0.004466
801				0.004455
802				0.004444
803				0.004433
804				0.004422
805				0.004411
806				0.004400
807				0.004390
808				0.004379
809				0.004368
810				0.004358
811				0.004347
812				0.004336
813				0.004326
814				0.004315
815				0.004305
816				0.004294
817				0.004284
818				0.004273
819				0.004263
820				0.004253
821				0.004242
822				0.004232
823				0.004222
824				0.004211
825				0.004201
826				0.004191
827				0.004181
828				0.004171
829				0.004161
830				0.004151
831				0.004141
832				0.004131
833				0.004121
834				0.004111
835				0.004101
836				0.004091
837				0.004081
838				0.004071
839				0.004061
840				0.004052
841				0.004042
842				0.004032
843				0.004022
844				0.004013
845				0.004003
846				0.003993
847				0.003984
848				0.003974
849				0.003965
850				0.003955
851				0.003946
852				0.003936
853				0.003927
854				0.003918
855				0.003908
856				0.003899
857				0.003890
858				0.003880
859				0.003871
860				0.003862
861				0.003853
862				0.003843
863				0.003834
864				0.003825
865				0.003816
866				0.003807
867				0.003798
868				0.003789
869				0.003780
870				0.003771
871				0.003762
872				0.003753
873				0.003744
874				0.003735
875				0.003727
876				0.003718
877				0.003709
878				0.003700
879				0.003691
880				0.003683
881				0.003674
882				0.003665
883				0.003657
884				0.003648
885				0.003640
886				0.003631
887				0.003623
888				0.003614
889				0.003606
890				0.003597
891				0.003589
892				0.003580
893				0.003572
894				0.003563
895				0.003555
896				0.003547
897				0.003539
898				0.003530
899				0.003522
900				0.003514
901				0.003506
902				0.003497
903				0.003489
904				0.003481
905				0.003473
906				0.003465
907				0.003457
908				0.003449
909				0.003441
910				0.003433
911				0.003425
912				0.003417
913				0.003409
914				0.003401
915				0.003393
916				0.003386
917				0.003378
918				0.003370
919				0.003362
920				0.003354
921				0.003347
922				0.003339
923				0.003331
924				0.003324
925				0.003316
926				0.003308
927				0.003301
928				0.003293
929				0.003286
930				0.003278
931				0.003271
932				0.003263
933				0.003256
934				0.003248
935				0.003241
936				0.003233
937				0.003226
938				0.003219
939				0.003211
940				0.003204
941				0.003197
942				0.003189
943				0.003182
944				0.003175
945				0.003168
946				0.003160
947				0.003153
948				0.003146
949				0.003139
950				0.003132
951				0.003125
952				0.003118
953				0.003111
954				0.003104
955				0.003097
956				0.003090
957				0.003083
958				0.003076
959				0.003069
960				0.003062
961				0.003055
962				0.003048
963				0.003041
964				0.003034
965				0.003028
966				0.003021
967				0.003014
968				0.003007
969				0.003000
970				0.002994
971				0.002987
972				0.002980
973				0.002974
974				0.002967
975				0.002960
976				0.002954
977				0.002947
978				0.002941
979				0.002934
980				0.002928
981				0.002921
982				0.002915
983				0.002908
984				0.002902
985				0.002895
986				0.002889
987				0.002882
988				0.002876
989				0.002870
990				0.002863
991				0.002857
992				0.002851
993				0.002844
994				0.002838
995				0.002832
996				0.002826
997				0.002820
998				0.002813
999				0.002807
1000				0.002801
1001				0.002795
1002				0.002789
1003				0.002783
1004				0.002776
1005				0.002770
1006				0.002764
1007				0.002758
1008				0.002752
1009				0.002746
1010				0.002740
1011				0.002734
1012				0.002728
1013				0.002722
1014				0.002717
1015				0.002711
1016				0.002705
1017				0.002699
1018				0.002693
1019				0.002687
1020				0.002681
1021				0.002676
1022				0.002670
1023				0.002664
1024				0.002658
1025				0.002652
1026				0.002647
1027				0.002641
1028				0.002635
1029				0.002630
1030				0.002624
1031				0.002618
1032				0.002613
1033				0.002607
1034				0.002602
1035				0.002596
1036				0.002590
1037				0.002585
1038				0.002579
1039				0.002574
1040				0.002568
1041				0.002563
1042				0.002557
1043				0.002552
1044				0.002546
1045				0.002541
1046				0.002536
1047				0.002530
1048				0.002525
1049				0.002520
1050				0.002514
1051				0.002509
1052				0.002504
1053				0.002498
1054				0.002493
1055				0.002488
1056				0.002482
1057				0.002477
1058				0.002472
1059				0.002467
1060				0.002462
1061				0.002456
1062				0.002451
1063				0.002446
1064				0.002441
1065				0.002436
1066				0.002431
1067				0.002426
1068				0.002420
1069				0.002415
1070				0.002410
1071				0.002405
1072				0.002400
1073				0.002395
1074				0.002390
1075				0.002385
1076				0.002380
1077				0.002375
1078				0.002370
1079				0.002366
1080				0.002361
1081				0.002356
1082				0.002351
1083				0.002346
1084				0.002341
1085				0.002336
1086				0.002331
1087				0.002327
1088				0.002322
1089				0.002317
1090				0.002312
1091				0.002308
1092				0.002303
1093				0.002298
1094				0.002293
1095				0.002289
1096				0.002284
1097				0.002279
1098				0.002275
1099				0.002270
1100				0.002265
1101				0.002261
1102				0.002256
1103				0.002251
1104				0.002247
1105				0.002242
1106				0.002238
1107				0.002233
1108				0.002229
1109				0.002224
1110				0.002220
1111				0.002215
1112				0.002211
1113				0.002206
1114				0.002202
1115				0.002197
1116				0.002193
1117				0.002188
1118				0.002184
1119				0.002179
1120				0.002175
1121				0.002171
1122				0.002166
1123				0.002162
1124				0.002158
1125				0.002153
1126				0.002149
1127				0.002145
1128				0.002140
1129				0.002136
1130				0.002132
1131				0.002128
1132				0.002123
1133				0.002119
1134				0.002115
1135				0.002111
1136				0.002106
1137				0.002102
1138				0.002098
1139				0.002094
1140				0.002090
1141				0.002086
1142				0.002082
1143				0.002077
1144				0.002073
1145				0.002069
1146				0.002065
1147				0.002061
1148				0.002057
1149				0.002053
1150				0.002049
1151				0.002045
1152				0.002041
1153				0.002037
1154				0.002033
1155				0.002029
1156				0.002025
1157				0.002021
1158				0.002017
1159				0.002013
1160				0.002009
1161				0.002005
1162				0.002001
1163				0.001997
1164				0.001994
1165				0.001990
1166				0.001986
1167				0.001982
1168				0.001978
1169				0.001974
1170				0.001970
1171				0.001967
1172				0.001963
1173				0.001959
1174				0.001955
1175				0.001952
1176				0.001948
1177				0.001944
1178				0.001940
1179				0.001937
1180				0.001933
1181				0.001929
1182				0.001925
1183				0.001922
1184				0.001918
1185				0.001914
1186				0.001911
1187				0.001907
1188				0.001904
1189				0.001900
1190				0.001896
1191				0.001893
1192				0.001889
1193				0.001885
1194				0.001882
1195				0.001878
1196				0.001875
1197				0.001871
1198				0.001868
1199				0.001864
1200				0.001861
1201				0.001857
1202				0.001854
1203				0.001850
1204				0.001847
1205				0.001843
1206				0.001840
1207				0.001836
1208				0.001833
1209				0.001829
1210				0.001826
1211				0.001823
1212				0.001819
1213				0.001816
1214				0.001812
1215				0.001809
1216				0.001806
1217				0.001802
1218				0.001799
1219				0.001796
1220				0.001792
1221				0.001789
1222				0.001786
1223				0.001782
1224				0.001779
1225				0.001776
1226				0.001773
1227				0.001769
1228				0.001766
1229				0.001763
1230				0.001760
1231				0.001756
1232				0.001753
1233				0.001750
1234				0.001747
1235				0.001744
1236				0.001740
1237				0.001737
1238				0.001734
1239				0.001731
1240				0.001728
1241				0.001725
1242				0.001721
1243				0.001718
1244				0.001715
1245				0.001712
1246				0.001709
1247				0.001706
1248				0.001703
1249				0.001700
1250				0.001697
1251				0.001694
1252				0.001691
1253				0.001687
1254				0.001684
1255				0.001681
1256				0.001678
1257				0.001675
1258				0.001672
1259				0.001669
1260				0.001666
1261				0.001663
1262				0.001660
1263				0.001658
1264				0.001655
1265				0.001652
1266				0.001649
1267				0.001646
1268				0.001643
1269				0.001640
1270				0.001637
1271				0.001634
1272				0.001631
1273				0.001628
1274				0.001625
1275				0.001623
1276				0.001620
1277				0.001617
1278				0.001614
1279				0.001611
1280				0.001608
1281				0.001606
1282				0.001603
1283				0.001600
1284				0.001597
1285				0.001594
1286				0.001592
1287				0.001589
1288				0.001586
1289				0.001583
1290				0.001581
1291				0.001578
1292				0.001575
1293				0.001572
1294				0.001570
1295				0.001567
1296				0.001564
1297				0.001561
1298				0.001559
1299				0.001556
1300				0.001553
1301				0.001551
1302				0.001548
1303				0.001545
1304				0.001543
1305				0.001540
1306				0.001538
1307				0.001535
1308				0.001532
1309				0.001530
1310				0.001527
1311				0.001524
1312				0.001522
1313				0.001519
1314				0.001517
1315				0.001514
1316				0.001512
1317				0.001509
1318				0.001506
1319				0.001504
1320				0.001501
1321				0.001499
1322				0.001496
1323				0.001494
1324				0.001491
1325				0.001489
1326				0.001486
1327				0.001484
1328				0.001481
1329				0.001479
1330				0.001476
1331				0.001474
1332				0.001471
1333				0.001469
1334				0.001467
1335				0.001464
1336				0.001462
1337				0.001459
1338				0.001457
1339				0.001454
1340				0.001452
1341				0.001450
1342				0.001447
1343				0.001445
1344				0.001442
1345				0.001440
1346				0.001438
1347				0.001435
1348				0.001433
1349				0.001431
1350				0.001428
1351				0.001426
1352				0.001424
1353				0.001421
1354				0.001419
1355				0.001417
1356				0.001414
1357				0.001412
1358				0.001410
1359				0.001407
1360				0.001405
1361				0.001403
1362				0.001401
1363				0.001398
1364				0.001396
1365				0.001394
1366				0.001392
1367				0.001389
1368				0.001387
1369				0.001385
1370				0.001383
1371				0.001381
1372				0.001378
1373				0.001376
1374				0.001374
1375				0.001372
1376				0.001370
1377				0.001367
1378				0.001365
1379				0.001363
1380				0.001361
1381				0.001359
1382				0.001357
1383				0.001354
1384				0.001352
1385				0.001350
1386				0.001348
1387				0.001346
1388				0.001344
1389				0.001342
1390				0.001340
1391				0.001337
1392				0.001335
1393				0.001333
1394				0.001331
1395				0.001329
1396				0.001327
1397				0.001325
1398				0.001323
1399				0.001321
1400				0.001319
1401				0.001317
1402				0.001315
1403				0.001313
1404				0.001311
1405				0.001309
1406				0.001307
1407				0.001305
1408				0.001303
1409				0.001301
1410				0.001299
1411				0.001297
1412				0.001295
1413				0.001293
1414				0.001291
1415				0.001289
1416				0.001287
1417				0.001285
1418				0.001283
1419				0.001281
1420				0.001279
1421				0.001277
1422				0.001275
1423				0.001273
1424				0.001271
1425				0.001269
1426				0.001267
1427				0.001265
1428				0.001263
1429				0.001262
1430				0.001260
1431				0.001258
1432				0.001256
1433				0.001254
1434				0.001252
1435				0.001250
1436				0.001248
1437				0.001247
1438				0.001245
1439				0.001243
1440				0.001241
1441				0.001239
1442				0.001237
1443				0.001235
1444				0.001234
1445				0.001232
1446				0.001230
1447				0.001228
1448				0.001226
1449				0.001225
1450				0.001223
1451				0.001221
1452				0.001219
1453				0.001217
1454				0.001216
1455				0.001214
1456				0.001212
1457				0.001210
1458				0.001209
1459				0.001207
1460				0.001205
1461				0.001203
1462				0.001202
1463				0.001200
1464				0.001198
1465				0.001196
1466				0.001195
1467				0.001193
1468				0.001191
1469				0.001189
1470				0.001188
1471				0.001186
1472				0.001184
1473				0.001183
1474				0.001181
1475				0.001179
1476				0.001178
1477				0.001176
1478				0.001174
1479				0.001173
1480				0.001171
1481				0.001169
1482				0.001168
1483				0.001166
1484				0.001164
1485				0.001163
1486				0.001161
1487				0.001159
1488				0.001158
1489				0.001156
1490				0.001154
1491				0.001153
1492				0.001151
1493				0.001150
1494				0.001148
1495				0.001146
1496				0.001145
1497				0.001143
1498				0.001142
1499				0.001140
1500				0.001138
1501				0.001137
1502				0.001135
1503				0.001134
1504				0.001132
1505				0.001131
1506				0.001129
1507				0.001128
1508				0.001126
1509				0.001124
1510				0.001123
1511				0.001121
1512				0.001120
1513				0.001118
1514				0.001117
1515				0.001115
1516				0.001114
1517				0.001112
1518				0.001111
1519				0.001109
1520				0.001108
1521				0.001106
1522				0.001105
1523				0.001103
1524				0.001102
1525				0.001100
1526				0.001099
1527				0.001097
1528				0.001096
1529				0.001094
1530				0.001093
1531				0.001091
1532				0.001090
1533				0.001089
1534				0.001087
1535				0.001086
1536				0.001084
1537				0.001083
1538				0.001081
1539				0.001080
1540				0.001078
1541				0.001077
1542				0.001076
1543				0.001074
1544				0.001073
1545				0.001071
1546				0.001070
1547				0.001069
1548				0.001067
1549				0.001066
1550				0.001064
1551				0.001063
1552				0.001062
1553				0.001060
1554				0.001059
1555				0.001057
1556				0.001056
1557				0.001055
1558				0.001053
1559				0.001052
1560				0.001051
1561				0.001049
1562				0.001048
1563				0.001047
1564				0.001045
1565				0.001044
1566				0.001043
1567				0.001041
1568				0.001040
1569				0.001039
1570				0.001037
1571				0.001036
1572				0.001035
1573				0.001033
1574				0.001032
1575				0.001031
1576				0.001029
1577				0.001028
1578				0.001027
1579				0.001026
1580				0.001024
1581				0.001023
1582				0.001022
1583				0.001020
1584				0.001019
1585				0.001018
1586				0.001017
1587				0.001015
1588				0.001014
1589				0.001013
1590				0.001012
1591				0.001010
1592				0.001009
1593				0.001008
1594				0.001007
1595				0.001005
1596				0.001004
1597				0.001003
1598				0.001002
1599				0.001000
1600				0.000999
